{
    "masterVolume": 0.6004000306129456,
    "musicVolume": 0.40060001611709597,
    "soundVolume": 0.40059995651245119
}