{
    "masterVolume": 0.6004000306129456,
    "musicVolume": 0.0010000020265579224,
    "soundVolume": 0.40059995651245119
}