{
    "masterVolume": 0.6004000306129456,
    "musicVolume": 0.10090000182390213,
    "soundVolume": 0.40059995651245119
}