{
    "masterVolume": 0.7003000378608704,
    "musicVolume": 0.20079994201660157,
    "soundVolume": 0.40059995651245119
}