{
    "masterVolume": 0.7003000378608704,
    "musicVolume": 0.10090000182390213,
    "soundVolume": 0.40059995651245119
}